[-0.8809792   0.11489805 -0.42146117  0.90245762  0.40095961  0.50167797]
txtb -2.4889717361512065
code -2.4889717361512065
[ 0.87803708  0.47165228 -0.15261651 -0.87199942  0.91466752 -0.22053662]
txtb -2.573852296891217
code -2.5738522968912156
[ 0.79691684  0.97251374  0.52671154  0.06082971  0.49599697 -0.47020807]
txtb -2.7892800267694184
code -2.789280026769418
[-0.75947841  0.73536285  0.01449641  0.88006313  0.88266793 -0.91594925]
txtb -2.6354029715146856
code -2.6354029715146847
[-0.46975029 -0.49075626 -0.38343933  0.38804063  0.12534111 -0.84764423]
txtb -2.627985240048459
code -2.6279852400484582
[-0.25437292 -0.76657965 -0.71531555 -0.65539756  0.41959076  0.83930932]
txtb -2.5220242311004197
code -2.5220242311004197
[-0.23182619  0.09698033 -0.51313009  0.02180437 -0.50289322  0.79833421]
txtb -2.4885215222701986
code -2.488521522270198
[ 0.39068263 -0.39390349 -0.75383491  0.75807665  0.62302696  0.60551383]
txtb -2.5422566085789122
code -2.542256608578912
[-0.90080892 -0.88492327  0.03704556 -0.99267948  0.275494    0.68190435]
txtb -2.6784527112658547
code -2.6784527112658543
[ 0.79796164  0.69373057 -0.06318499  0.00504852 -0.97288421 -0.81716967]
txtb -2.548330938066761
code -2.5483309380667616
[-0.74723031  0.80014279 -0.79610527 -0.49148647  0.97277547  0.14653218]
txtb -2.7898227029218297
code -2.789822702921829
[-0.08179249  0.32913497 -0.47202914 -0.6496806  -0.12850444 -0.53301526]
txtb -2.876732188742518
code -2.876732188742515
[-0.58780755 -0.65571866  0.71038784 -0.94698225  0.29264933 -0.57568556]
txtb -2.5877476974493736
code -2.5877476974493736
[-0.31686682  0.48443776  0.04042075 -0.71299094 -0.76196747 -0.47676151]
txtb -2.640982297914879
code -2.640982297914879
[ 0.69290226  0.54774843 -0.05267149 -0.69917515 -0.06539942  0.75600523]
txtb -2.5010154860066196
code -2.501015486006619
[ 0.08604196  0.65291364  0.08372952  0.49601025 -0.94606005 -0.55614888]
txtb -2.5236822139919406
code -2.5236822139919393
[-0.14292106  0.54718676  0.81011564 -0.4362844   0.36998253  0.33105201]
txtb -3.052447758600965
code -3.052447758600966
[-0.75990943 -0.43546904 -0.74643604  0.98791799 -0.27975813 -0.30370237]
txtb -2.5493928797986074
code -2.5493928797986083
[-0.29290838 -0.64729056 -0.12425892  0.58899929  0.1190082  -0.23982112]
txtb -2.5227107682849925
code -2.5227107682849943
[-0.60109474  0.96263543  0.61154764  0.88097211  0.98827788  0.16401101]
txtb -2.652608489639554
code -2.6526084896395545
[-0.20273977  0.93279615  0.99524285 -0.66691609  0.62762861 -0.86394781]
txtb -2.602615847650348
code -2.6026158476503487
[ 0.55374453  0.46843031  0.18089139  0.69728169 -0.10027671  0.03889582]
txtb -2.8768799612086995
code -2.876879961208699
[-0.28209184  0.98402471 -0.28741525  0.35474255 -0.94902474 -0.01346496]
txtb -2.480624440480044
code -2.4806244404800424
[ 0.56889805  0.5428329  -0.52188272 -0.91323869 -0.5437657  -0.81492515]
txtb -2.5753417249529416
code -2.5753417249529407
[ 0.9691156  -0.57238106 -0.1305672  -0.32081554  0.19055006 -0.40785582]
txtb -2.5767073146108572
code -2.5767073146108563
[0.37415243 0.15907572 0.19546866 0.89860789 0.5495394  0.44308928]
txtb -3.5259264195746223
code -3.525926419574621
[-0.71576191  0.99846835 -0.42322371  0.04095213  0.61640347 -0.22430723]
txtb -3.0937930784871854
code -3.093793078487186
[ 0.87432919 -0.81711628  0.72357088  0.33674522 -0.09356764  0.64968962]
txtb -3.06665073928116
code -3.066650739281158
[ 0.59312322  0.9956268   0.91177918 -0.7317686  -0.71131646  0.05821691]
txtb -2.555515694663658
code -2.5555156946636575
[-0.32922466 -0.02619429 -0.11690297 -0.99339604 -0.95118775 -0.9050485 ]
txtb -3.486808328836406
code -3.4868083288364047
[-0.57321273  0.95027959  0.24149744 -0.33200172  0.74184572  0.68161829]
txtb -2.9244242314347715
code -2.9244242314347706
[-0.7080001   0.29404605  0.03496294  0.95335531  0.47036916 -0.97456508]
txtb -2.5857395458703767
code -2.5857395458703762
[-0.10168232 -0.93099975  0.23201203  0.4078975   0.31897431  0.46997418]
txtb -2.5493632648652014
code -2.5493632648652014
[-0.94724476  0.11476442  0.57385418 -0.33081163  0.48760079 -0.68551383]
txtb -2.5930148501122914
code -2.5930148501122905
[-0.37769949 -0.81631983 -0.81719069  0.2778759  -0.80193211 -0.27303392]
txtb -2.8547608607077697
code -2.8547608607077697
[-0.79718942  0.91058982  0.38545218  0.71104714 -0.30518226 -0.1896697 ]
txtb -2.5063732405422927
code -2.506373240542289
[ 0.3208256   0.53391844 -0.30233457  0.25271938 -0.2878965   0.05647203]
txtb -2.703584498637541
code -2.703584498637539
[ 0.04526014 -0.26214833  0.63703426  0.20617054 -0.20314145 -0.71494435]
txtb -2.4707623573683732
code -2.4707623573683746
[-0.1538535  -0.62186675  0.55592141 -0.21892028  0.76461405  0.90889693]
txtb -2.6300917002076933
code -2.630091700207696
[-0.67262257  0.45748419  0.09086053 -0.00591834  0.11669876 -0.75374559]
txtb -2.5982758742791643
code -2.5982758742791625
[ 0.68639874 -0.00079024  0.47042563 -0.51671256  0.40109168 -0.03906961]
txtb -2.4859014995712236
code -2.4859014995712263
[ 0.7306238   0.12557771 -0.103898    0.6355201  -0.51701698  0.96585403]
txtb -2.7425843451342544
code -2.742584345134255
[-0.5446546  -0.42663195 -0.33103178 -0.77518145 -0.48556644  0.2468043 ]
txtb -2.9111394468926988
code -2.9111394468926983
[ 0.53955947 -0.74244703  0.0708628   0.38225011 -0.64838294 -0.95910041]
txtb -2.7591620172354956
code -2.759162017235494
[ 0.15726679  0.29781411 -0.22055641 -0.91192859 -0.6469834  -0.878248  ]
txtb -2.849568239565525
code -2.8495682395655235
[ 0.1009722   0.16956935  0.5978435  -0.08112483 -0.45506001  0.63766066]
txtb -2.875224424445024
code -2.8752244244450247
[ 0.45950769 -0.80764981 -0.74554571  0.80229372 -0.07940383  0.56757567]
txtb -2.5994440549597164
code -2.5994440549597155
[-0.40782276 -0.49292875 -0.19509068 -0.53616347  0.51721405 -0.12873568]
txtb -2.617926668757842
code -2.617926668757844
[-0.0877562  -0.72300749  0.02146662 -0.65585254 -0.70480849 -0.88432567]
txtb -2.876657959319267
code -2.8766579593192674
[ 0.22953651  0.88675658 -0.7416612  -0.54110968 -0.56806206 -0.09960631]
txtb -2.526362213957957
code -2.5263622139579596
