-2.892426711983937082e+00
-2.985422152650695438e+00
-2.975442661098051556e+00
-2.971308700944847558e+00
-2.870539090069417654e+00
-2.855724731171521480e+00
-2.962540570088383785e+00
-2.910496714133183893e+00
-2.903811212803204533e+00
-2.843273232011461538e+00
-2.906611513279755421e+00
-2.972683423241037737e+00
-2.856567819789687768e+00
-2.933046320943563323e+00
-2.987644119579108803e+00
-2.936226603777731814e+00
-3.034607696681491440e+00
-2.834425552198887921e+00
-2.890433377470682963e+00
-2.927018266205508645e+00
-2.849497763690945096e+00
-3.003025065697191742e+00
-2.859390281743229512e+00
-2.912783875755942997e+00
-3.060324092881718805e+00
-2.814190415065122242e+00
-2.865792990673750928e+00
-2.836502815058219440e+00
-2.791366512849873693e+00
-2.886243737980020097e+00
-2.810962364232091115e+00
-2.943442185412768808e+00
-3.135506217812360497e+00
-2.790049721696958862e+00
-2.873110914571296526e+00
-3.065542590511799226e+00
-2.972134180443458895e+00
-2.985651995021315397e+00
-2.817460669545253094e+00
-3.006457484583838102e+00
-2.918925013784827271e+00
-3.019507513368940188e+00
-3.011795673935826478e+00
-2.978024078968108945e+00
-2.878963161513223401e+00
-3.019062296261108003e+00
-3.119902726773200463e+00
-3.062418456322023808e+00
-2.921746010043447139e+00
-2.832328482745170461e+00
-3.084028185180620607e+00
-3.145107587029384089e+00
-2.923522773644720907e+00
-2.866077880747756268e+00
-3.022070124916426792e+00
-2.865790983399360670e+00
-2.958866253352456788e+00
-2.838997402546568516e+00
-2.932993708917044806e+00
-2.954386159599369233e+00
-2.745987912323604618e+00
-3.047034217749586382e+00
-2.809422021656739155e+00
-3.010924748038085408e+00
-2.932054511611053460e+00
-2.984588738781179806e+00
-2.764178954698617741e+00
-3.027968217026327569e+00
-2.890703295089712022e+00
-2.847418922548070164e+00
-2.884852740892540179e+00
-2.899814779922617269e+00
-2.846110943224580137e+00
-2.976439051854649520e+00
-3.000244312423174797e+00
-2.792912705224594117e+00
-2.968144977962182907e+00
-3.002888717719027767e+00
-3.035018688226570394e+00
-2.976312460506420621e+00
-2.984111594601153605e+00
-3.033678113375955387e+00
-2.884706907546306986e+00
-2.881181589384641750e+00
-2.864018392778639566e+00
-2.973316079792533539e+00
-2.878049413830436887e+00
-2.882256591928482159e+00
-2.914892399101418619e+00
-2.850803420747557659e+00
-2.881411466985174918e+00
-2.968977262921417726e+00
-2.860071195827422308e+00
-2.968364339775642957e+00
-2.935848242293485733e+00
-2.850095216663865560e+00
-2.819551398255693897e+00
-3.054914462312849022e+00
-2.943001247011093113e+00
-2.984464491245593099e+00
