-2.880710277340139402e+00
-2.884878993190189256e+00
-2.889586356596740568e+00
-2.883672866500533338e+00
-2.888056750409198958e+00
-2.886857397821713356e+00
-2.885863282772334948e+00
-2.885642706356904341e+00
-2.883246806348457980e+00
-2.884874173866263991e+00
-2.884892384141344301e+00
-2.881805179737017664e+00
-2.886491849258180142e+00
-2.885324745837276161e+00
-2.882744539365252656e+00
-2.886553375478725592e+00
-2.884573476617970478e+00
-2.884176045732415261e+00
-2.889147801123816528e+00
-2.886320096090551068e+00
-2.884399104973231154e+00
-2.886918681140626664e+00
-2.885811713175158832e+00
-2.884042794900812279e+00
-2.885967949308000602e+00
-2.887289111183581447e+00
-2.886937531519925937e+00
-2.884355939962635063e+00
-2.883251559292456800e+00
-2.883749293177709117e+00
-2.883694574245698750e+00
-2.887574029782007390e+00
-2.882873900797762623e+00
-2.885145173422492881e+00
-2.886130079085886369e+00
-2.892050348792543524e+00
-2.886311489407484832e+00
-2.890017862831109952e+00
-2.887088048838078791e+00
-2.887743223481704202e+00
-2.886591632175937061e+00
-2.887340030774232957e+00
-2.886492193426710706e+00
-2.889510410106931992e+00
-2.893677429110678823e+00
-2.887364206948871637e+00
-2.891436988722575929e+00
-2.888497615138967856e+00
-2.885454614831000075e+00
-2.885868818863469354e+00
-2.882912985350063018e+00
-2.879277694013585354e+00
-2.887357828602359344e+00
-2.883382217705136252e+00
-2.888966396558612537e+00
-2.884804894979127177e+00
-2.886756999090287934e+00
-2.891218285662925602e+00
-2.886527766195222000e+00
-2.888979268823379520e+00
-2.885893858152333458e+00
-2.890370957951948316e+00
-2.883231099479165671e+00
-2.882755054750978818e+00
-2.883122141302855823e+00
-2.883239148795646578e+00
-2.888836057702363291e+00
-2.882024518735029517e+00
-2.884351263788049291e+00
-2.884784608009235640e+00
-2.883501457113525568e+00
-2.889735909786009138e+00
-2.883578301810374001e+00
-2.886700178859652688e+00
-2.881777977685726633e+00
-2.886675612001918800e+00
-2.887020059912162040e+00
-2.885523153396760687e+00
-2.880940106799843470e+00
-2.883955995937198757e+00
-2.887338477889405119e+00
-2.885814619791970514e+00
-2.888330721176721294e+00
-2.882861328845641502e+00
-2.883362138090012294e+00
-2.882445430375423889e+00
-2.887221301037362409e+00
-2.885271297444018224e+00
-2.887856927092641524e+00
-2.884682013353686791e+00
-2.888352614893262338e+00
-2.886472690997744728e+00
-2.886410227780818794e+00
-2.884718167010832168e+00
-2.884549424778523274e+00
-2.880419019212525189e+00
-2.888374492772706859e+00
-2.881000731178818164e+00
-2.884062018781826442e+00
-2.885341695886536773e+00
