-2.886711131975061573e+00
-2.882731400400083466e+00
-2.880224113592244173e+00
-2.877769556103697557e+00
-2.888297403375455374e+00
-2.895725154609512408e+00
-2.883877631804206310e+00
-2.881848370242138024e+00
-2.883096068872529116e+00
-2.880337138883203973e+00
-2.884766026998466515e+00
-2.879563224565858004e+00
-2.882244422350228152e+00
-2.896788181982937083e+00
-2.890504886513155736e+00
-2.890842214176301272e+00
-2.886879027369404493e+00
-2.884361016599566785e+00
-2.882367404567449665e+00
-2.888867250885231552e+00
-2.877753504575804477e+00
-2.885811459834545900e+00
-2.885592475176469218e+00
-2.875022659052016927e+00
-2.880540195268506132e+00
-2.888498523664637219e+00
-2.896791447266958475e+00
-2.889228983127738903e+00
-2.890659324378236583e+00
-2.881245789599119256e+00
-2.885685296195992677e+00
-2.887861505999578693e+00
-2.884948177414015547e+00
-2.887564919300050104e+00
-2.892687081818375638e+00
-2.891997817530346460e+00
-2.886091659884091776e+00
-2.887069627823975360e+00
-2.876938591763382291e+00
-2.881760753495165694e+00
-2.887140576559421135e+00
-2.887431724728465987e+00
-2.884175006070024860e+00
-2.888386895971192470e+00
-2.887944012180632125e+00
-2.882196274017012172e+00
-2.883932024172848774e+00
-2.883068513358701068e+00
-2.887580965388319765e+00
-2.888134853863559837e+00
-2.883336447729512475e+00
-2.890539025840924481e+00
-2.882835612182762741e+00
-2.892245773537005959e+00
-2.894745772504883519e+00
-2.889697134637640108e+00
-2.878508888572234081e+00
-2.883905178695424176e+00
-2.882794161261622357e+00
-2.891587054501448151e+00
-2.885510398138322330e+00
-2.894695360080340230e+00
-2.887784119153461226e+00
-2.886543371567014127e+00
-2.893676771022371419e+00
-2.883005941063268018e+00
-2.882690297731610229e+00
-2.888146208777190971e+00
-2.883544571497976605e+00
-2.877189338701076959e+00
-2.883316741476730893e+00
-2.893076727773363555e+00
-2.887581597088569652e+00
-2.873586246390986698e+00
-2.887022741868468412e+00
-2.878764891507362922e+00
-2.883643834964145558e+00
-2.883799279302316165e+00
-2.883562004179607730e+00
-2.884304895060755047e+00
-2.880448968494363715e+00
-2.882172010679118657e+00
-2.889618930740609493e+00
-2.886480360211608698e+00
-2.881296924089541189e+00
-2.878990672308716192e+00
-2.889288237473738974e+00
-2.892752903981618218e+00
-2.889158545115404486e+00
-2.885370503345904059e+00
-2.887803905724780407e+00
-2.880944621460947541e+00
-2.880660569015335515e+00
-2.872652973310421132e+00
-2.884218824364094491e+00
-2.888107941615774887e+00
-2.887451562314758302e+00
-2.893492891189989535e+00
-2.884287842609452035e+00
-2.882874831118333869e+00
